2, 1
5, 2
10, 3
16, 4
21, 5
24, 6
28, 7
32, 8
37, 9
39, 10
41, 11
44, 12
42, 13
39, 14
36, 15
39, 16
40, 17
40, 18
37, 19
42, 20
39, 21
35, 22
35, 23
37, 24
39, 25
36, 26
36, 27
38, 28
48, 29
46, 30
46, 31
47, 32
47, 33
46, 34
45, 35
50, 36
49, 37
46, 38
37, 39
39, 40
42, 41
40, 42
44, 43
43, 44
43, 45
36, 46
36, 47
37, 48
38, 49
36, 50
39, 51
43, 52
37, 53
37, 54
37, 55
40, 56
38, 57
40, 58
39, 59
39, 60
36, 61
35, 62
39, 63
39, 64
39, 65
39, 66
41, 67
36, 68
37, 69
38, 70
35, 71
34, 72
34, 73
42, 74
43, 75
43, 76
43, 77
45, 78
44, 79
42, 80
46, 81
45, 82
42, 83
35, 84
36, 85
38, 86
37, 87
37, 88
41, 89
42, 90
40, 91
42, 92
42, 93
43, 94
43, 95
41, 96
41, 97
41, 98
40, 99
40, 100
43, 101
41, 102
42, 103
38, 104
38, 105
42, 106
45, 107
47, 108
42, 109
39, 110
35, 111
35, 112
37, 113
40, 114
40, 115
36, 116
35, 117
36, 118
36, 119
36, 120
39, 121
40, 122
37, 123
38, 124
36, 125
34, 126
30, 127
27, 128
30, 129
34, 130
36, 131
34, 132
37, 133
33, 134
36, 135
38, 136
42, 137
43, 138
41, 139
38, 140
33, 141
42, 142
42, 143
46, 144
47, 145
48, 146
48, 147
47, 148
49, 149
46, 150
51, 151
43, 152
44, 153
44, 154
40, 155
39, 156
34, 157
33, 158
36, 159
41, 160
37, 161
40, 162
37, 163
32, 164
32, 165
31, 166
38, 167
40, 168
36, 169
36, 170
36, 171
33, 172
33, 173
41, 174
40, 175
40, 176
39, 177
38, 178
43, 179
46, 180
46, 181
47, 182
46, 183
41, 184
43, 185
44, 186
41, 187
45, 188
39, 189
34, 190
34, 191
38, 192
40, 193
41, 194
47, 195
47, 196
50, 197
45, 198
47, 199
49, 200
46, 201
41, 202
45, 203
42, 204
39, 205
40, 206
37, 207
42, 208
42, 209
45, 210
49, 211
50, 212
49, 213
53, 214
52, 215
52, 216
52, 217
47, 218
47, 219
42, 220
42, 221
43, 222
38, 223
36, 224
32, 225
31, 226
32, 227
32, 228
31, 229
32, 230
28, 231
26, 232
25, 233
27, 234
28, 235
27, 236
27, 237
29, 238
29, 239
29, 240
33, 241
34, 242
39, 243
37, 244
37, 245
40, 246
38, 247
42, 248
43, 249
43, 250
43, 251
45, 252
41, 253
43, 254
40, 255
42, 256
47, 257
45, 258
48, 259
48, 260
47, 261
49, 262
47, 263
48, 264
51, 265
48, 266
44, 267
41, 268
38, 269
38, 270
38, 271
35, 272
39, 273
35, 274
37, 275
36, 276
37, 277
38, 278
42, 279
41, 280
40, 281
40, 282
40, 283
43, 284
40, 285
44, 286
42, 287
42, 288
36, 289
35, 290
37, 291
37, 292
38, 293
37, 294
38, 295
34, 296
37, 297
40, 298
42, 299
44, 300
42, 301
40, 302
39, 303
38, 304
38, 305
38, 306
39, 307
40, 308
40, 309
38, 310
40, 311
42, 312
42, 313
46, 314
45, 315
43, 316
42, 317
40, 318
39, 319
41, 320
42, 321
42, 322
38, 323
36, 324
39, 325
41, 326
42, 327
41, 328
42, 329
43, 330
40, 331
37, 332
40, 333
37, 334
34, 335
34, 336
33, 337
28, 338
30, 339
30, 340
33, 341
39, 342
39, 343
40, 344
41, 345
41, 346
39, 347
42, 348
41, 349
41, 350
42, 351
42, 352
43, 353
47, 354
45, 355
42, 356
44, 357
47, 358
45, 359
41, 360
40, 361
36, 362
34, 363
32, 364
35, 365
35, 366
35, 367
39, 368
38, 369
39, 370
38, 371
35, 372
40, 373
40, 374
39, 375
38, 376
40, 377
33, 378
31, 379
34, 380
32, 381
37, 382
36, 383
38, 384
40, 385
43, 386
40, 387
44, 388
48, 389
49, 390
52, 391
48, 392
49, 393
45, 394
46, 395
45, 396
45, 397
40, 398
40, 399
40, 400
38, 401
46, 402
41, 403
39, 404
36, 405
38, 406
39, 407
44, 408
44, 409
38, 410
40, 411
34, 412
38, 413
40, 414
42, 415
40, 416
39, 417
39, 418
41, 419
46, 420
45, 421
49, 422
47, 423
48, 424
46, 425
50, 426
51, 427
49, 428
48, 429
47, 430
46, 431
43, 432
43, 433
39, 434
39, 435
35, 436
32, 437
31, 438
29, 439
28, 440
30, 441
33, 442
33, 443
34, 444
35, 445
39, 446
41, 447
46, 448
45, 449
45, 450
41, 451
39, 452
39, 453
42, 454
42, 455
41, 456
39, 457
31, 458
33, 459
36, 460
36, 461
36, 462
37, 463
38, 464
36, 465
35, 466
37, 467
40, 468
39, 469
40, 470
43, 471
41, 472
42, 473
38, 474
42, 475
41, 476
41, 477
38, 478
39, 479
37, 480
35, 481
32, 482
32, 483
35, 484
33, 485
36, 486
34, 487
42, 488
42, 489
41, 490
41, 491
42, 492
41, 493
39, 494
35, 495
32, 496
34, 497
31, 498
28, 499
29, 500
29, 501
33, 502
28, 503
29, 504
31, 505
31, 506
31, 507
27, 508
27, 509
24, 510
23, 511
27, 512
30, 513
29, 514
32, 515
35, 516
34, 517
36, 518
39, 519
41, 520
42, 521
41, 522
40, 523
44, 524
43, 525
40, 526
39, 527
40, 528
40, 529
41, 530
40, 531
33, 532
36, 533
34, 534
32, 535
30, 536
31, 537
31, 538
31, 539
29, 540
34, 541
37, 542
33, 543
32, 544
36, 545
39, 546
39, 547
41, 548
41, 549
40, 550
38, 551
35, 552
38, 553
38, 554
38, 555
40, 556
41, 557
38, 558
38, 559
36, 560
37, 561
39, 562
39, 563
40, 564
38, 565
35, 566
37, 567
35, 568
37, 569
42, 570
40, 571
40, 572
38, 573
38, 574
37, 575
38, 576
34, 577
34, 578
29, 579
26, 580
25, 581
25, 582
25, 583
24, 584
25, 585
22, 586
25, 587
26, 588
27, 589
25, 590
27, 591
26, 592
26, 593
26, 594
26, 595
29, 596
29, 597
33, 598
35, 599
40, 600
39, 601
43, 602
42, 603
43, 604
42, 605
40, 606
40, 607
38, 608
40, 609
39, 610
38, 611
35, 612
39, 613
40, 614
40, 615
43, 616
45, 617
43, 618
43, 619
41, 620
43, 621
44, 622
43, 623
43, 624
44, 625
42, 626
44, 627
48, 628
48, 629
51, 630
50, 631
49, 632
50, 633
49, 634
46, 635
45, 636
39, 637
37, 638
33, 639
31, 640
30, 641
30, 642
28, 643
27, 644
32, 645
33, 646
38, 647
35, 648
39, 649
41, 650
47, 651
48, 652
50, 653
52, 654
53, 655
52, 656
47, 657
48, 658
49, 659
50, 660
43, 661
42, 662
43, 663
45, 664
46, 665
47, 666
48, 667
51, 668
50, 669
50, 670
54, 671
52, 672
48, 673
46, 674
44, 675
43, 676
44, 677
42, 678
39, 679
35, 680
35, 681
36, 682
39, 683
37, 684
33, 685
35, 686
36, 687
34, 688
34, 689
35, 690
34, 691
36, 692
34, 693
35, 694
38, 695
40, 696
35, 697
37, 698
36, 699
35, 700
35, 701
32, 702
30, 703
30, 704
28, 705
26, 706
30, 707
32, 708
33, 709
38, 710
38, 711
42, 712
50, 713
51, 714
50, 715
47, 716
49, 717
46, 718
49, 719
47, 720
47, 721
46, 722
38, 723
38, 724
43, 725
44, 726
40, 727
41, 728
40, 729
39, 730
41, 731
41, 732
43, 733
40, 734
37, 735
35, 736
38, 737
37, 738
40, 739
38, 740
35, 741
36, 742
38, 743
39, 744
36, 745
38, 746
38, 747
38, 748
32, 749
33, 750
37, 751
36, 752
37, 753
37, 754
38, 755
39, 756
38, 757
42, 758
42, 759
43, 760
39, 761
39, 762
37, 763
40, 764
45, 765
42, 766
42, 767
39, 768
40, 769
42, 770
42, 771
43, 772
43, 773
41, 774
37, 775
44, 776
43, 777
43, 778
44, 779
49, 780
48, 781
44, 782
42, 783
39, 784
39, 785
38, 786
37, 787
37, 788
38, 789
29, 790
31, 791
32, 792
36, 793
37, 794
35, 795
34, 796
35, 797
34, 798
31, 799
32, 800
32, 801
31, 802
27, 803
29, 804
35, 805
35, 806
34, 807
34, 808
33, 809
33, 810
33, 811
33, 812
34, 813
34, 814
31, 815
33, 816
35, 817
43, 818
48, 819
52, 820
54, 821
57, 822
58, 823
58, 824
55, 825
53, 826
54, 827
44, 828
45, 829
44, 830
42, 831
43, 832
42, 833
43, 834
44, 835
42, 836
40, 837
43, 838
39, 839
38, 840
37, 841
34, 842
35, 843
34, 844
34, 845
35, 846
42, 847
43, 848
44, 849
39, 850
37, 851
40, 852
39, 853
39, 854
40, 855
39, 856
29, 857
27, 858
27, 859
32, 860
36, 861
34, 862
33, 863
32, 864
35, 865
37, 866
40, 867
41, 868
40, 869
44, 870
44, 871
45, 872
48, 873
50, 874
46, 875
47, 876
48, 877
45, 878
44, 879
40, 880
39, 881
38, 882
41, 883
41, 884
44, 885
43, 886
43, 887
44, 888
45, 889
43, 890
41, 891
39, 892
38, 893
36, 894
34, 895
29, 896
26, 897
29, 898
30, 899
31, 900
32, 901
32, 902
29, 903
29, 904
31, 905
37, 906
42, 907
39, 908
42, 909
41, 910
40, 911
44, 912
45, 913
48, 914
48, 915
50, 916
45, 917
46, 918
46, 919
56, 920
60, 921
59, 922
59, 923
55, 924
52, 925
48, 926
51, 927
49, 928
46, 929
37, 930
33, 931
32, 932
34, 933
35, 934
42, 935
41, 936
39, 937
45, 938
44, 939
44, 940
48, 941
53, 942
50, 943
53, 944
50, 945
51, 946
48, 947
44, 948
44, 949
43, 950
39, 951
33, 952
31, 953
29, 954
26, 955
25, 956
26, 957
27, 958
28, 959
29, 960
32, 961
37, 962
41, 963
40, 964
45, 965
48, 966
51, 967
53, 968
52, 969
51, 970
54, 971
51, 972
50, 973
50, 974
47, 975
47, 976
49, 977
50, 978
51, 979
56, 980
51, 981
48, 982
46, 983
47, 984
44, 985
42, 986
36, 987
32, 988
33, 989
30, 990
34, 991
40, 992
39, 993
40, 994
43, 995
43, 996
46, 997
46, 998
46, 999
47, 1000
43, 1001
42, 1002
42, 1003
45, 1004
45, 1005
47, 1006
47, 1007
49, 1008
47, 1009
45, 1010
42, 1011
38, 1012
39, 1013
34, 1014
32, 1015
27, 1016
28, 1017
26, 1018
28, 1019
25, 1020
28, 1021
28, 1022
30, 1023
32, 1024
32, 1025
32, 1026
30, 1027
34, 1028
32, 1029
36, 1030
35, 1031
37, 1032
39, 1033
35, 1034
37, 1035
38, 1036
40, 1037
35, 1038
35, 1039
36, 1040
36, 1041
35, 1042
29, 1043
32, 1044
32, 1045
34, 1046
31, 1047
32, 1048
36, 1049
35, 1050
35, 1051
34, 1052
38, 1053
36, 1054
33, 1055
34, 1056
38, 1057
41, 1058
42, 1059
42, 1060
47, 1061
50, 1062
47, 1063
49, 1064
52, 1065
50, 1066
49, 1067
48, 1068
45, 1069
45, 1070
42, 1071
40, 1072
41, 1073
40, 1074
41, 1075
42, 1076
40, 1077
41, 1078
37, 1079
35, 1080
32, 1081
32, 1082
33, 1083
33, 1084
29, 1085
25, 1086
25, 1087
22, 1088
27, 1089
27, 1090
33, 1091
32, 1092
34, 1093
31, 1094
33, 1095
37, 1096
42, 1097
45, 1098
41, 1099
43, 1100
40, 1101
40, 1102
37, 1103
38, 1104
39, 1105
40, 1106
35, 1107
35, 1108
36, 1109
34, 1110
32, 1111
34, 1112
34, 1113
35, 1114
32, 1115
29, 1116
32, 1117
30, 1118
32, 1119
33, 1120
34, 1121
36, 1122
36, 1123
42, 1124
42, 1125
44, 1126
42, 1127
42, 1128
39, 1129
37, 1130
37, 1131
35, 1132
36, 1133
34, 1134
38, 1135
36, 1136
37, 1137
36, 1138
36, 1139
37, 1140
40, 1141
43, 1142
46, 1143
47, 1144
46, 1145
49, 1146
47, 1147
46, 1148
47, 1149
47, 1150
43, 1151
40, 1152
36, 1153
35, 1154
35, 1155
34, 1156
39, 1157
42, 1158
44, 1159
44, 1160
44, 1161
41, 1162
42, 1163
39, 1164
39, 1165
40, 1166
36, 1167
35, 1168
34, 1169
32, 1170
32, 1171
38, 1172
35, 1173
40, 1174
37, 1175
38, 1176
38, 1177
39, 1178
39, 1179
41, 1180
41, 1181
39, 1182
42, 1183
34, 1184
36, 1185
36, 1186
35, 1187
36, 1188
33, 1189
32, 1190
31, 1191
28, 1192
29, 1193
34, 1194
37, 1195
38, 1196
40, 1197
39, 1198
41, 1199
45, 1200
46, 1201
48, 1202
43, 1203
41, 1204
35, 1205
29, 1206
35, 1207
33, 1208
36, 1209
35, 1210
36, 1211
36, 1212
41, 1213
40, 1214
44, 1215
47, 1216
41, 1217
41, 1218
37, 1219
35, 1220
34, 1221
37, 1222
33, 1223
36, 1224
37, 1225
38, 1226
41, 1227
43, 1228
46, 1229
47, 1230
49, 1231
47, 1232
49, 1233
51, 1234
48, 1235
45, 1236
40, 1237
39, 1238
36, 1239
33, 1240
34, 1241
33, 1242
36, 1243
33, 1244
32, 1245
33, 1246
37, 1247
37, 1248
41, 1249
46, 1250
46, 1251
49, 1252
52, 1253
54, 1254
57, 1255
55, 1256
54, 1257
52, 1258
52, 1259
51, 1260
52, 1261
48, 1262
40, 1263
40, 1264
37, 1265
46, 1266
48, 1267
49, 1268
47, 1269
44, 1270
41, 1271
39, 1272
42, 1273
37, 1274
37, 1275
32, 1276
28, 1277
27, 1278
27, 1279
32, 1280
38, 1281
42, 1282
42, 1283
48, 1284
52, 1285
50, 1286
55, 1287
60, 1288
58, 1289
53, 1290
47, 1291
44, 1292
45, 1293
38, 1294
38, 1295
43, 1296
41, 1297
36, 1298
36, 1299
38, 1300
41, 1301
46, 1302
46, 1303
51, 1304
45, 1305
41, 1306
38, 1307
38, 1308
39, 1309
38, 1310
39, 1311
40, 1312
42, 1313
40, 1314
46, 1315
45, 1316
45, 1317
48, 1318
51, 1319
49, 1320
48, 1321
41, 1322
35, 1323
35, 1324
33, 1325
34, 1326
36, 1327
34, 1328
33, 1329
36, 1330
36, 1331
37, 1332
39, 1333
38, 1334
36, 1335
34, 1336
31, 1337
33, 1338
29, 1339
28, 1340
24, 1341
25, 1342
24, 1343
26, 1344
28, 1345
33, 1346
32, 1347
30, 1348
35, 1349
35, 1350
39, 1351
39, 1352
43, 1353
46, 1354
47, 1355
44, 1356
44, 1357
44, 1358
40, 1359
39, 1360
38, 1361
40, 1362
39, 1363
34, 1364
29, 1365
29, 1366
34, 1367
34, 1368
40, 1369
47, 1370
46, 1371
43, 1372
41, 1373
40, 1374
44, 1375
43, 1376
43, 1377
47, 1378
44, 1379
37, 1380
38, 1381
36, 1382
36, 1383
41, 1384
38, 1385
39, 1386
36, 1387
30, 1388
30, 1389
31, 1390
33, 1391
38, 1392
41, 1393
39, 1394
42, 1395
41, 1396
40, 1397
46, 1398
47, 1399
50, 1400
46, 1401
46, 1402
43, 1403
43, 1404
46, 1405
49, 1406
49, 1407
45, 1408
42, 1409
39, 1410
37, 1411
36, 1412
34, 1413
34, 1414
33, 1415
37, 1416
41, 1417
43, 1418
47, 1419
45, 1420
48, 1421
45, 1422
47, 1423
45, 1424
40, 1425
35, 1426
31, 1427
28, 1428
24, 1429
26, 1430
25, 1431
26, 1432
28, 1433
29, 1434
35, 1435
37, 1436
40, 1437
44, 1438
41, 1439
43, 1440
42, 1441
45, 1442
48, 1443
49, 1444
46, 1445
42, 1446
44, 1447
44, 1448
50, 1449
53, 1450
54, 1451
49, 1452
46, 1453
47, 1454
47, 1455
47, 1456
51, 1457
49, 1458
47, 1459
43, 1460
41, 1461
49, 1462
49, 1463
53, 1464
57, 1465
56, 1466
47, 1467
44, 1468
43, 1469
41, 1470
45, 1471
42, 1472
37, 1473
34, 1474
28, 1475
30, 1476
34, 1477
43, 1478
43, 1479
44, 1480
45, 1481
47, 1482
52, 1483
47, 1484
50, 1485
55, 1486
51, 1487
45, 1488
42, 1489
43, 1490
38, 1491
33, 1492
34, 1493
38, 1494
39, 1495
35, 1496
39, 1497
39, 1498
42, 1499
43, 1500
43, 1501
44, 1502
39, 1503
38, 1504
33, 1505
34, 1506
31, 1507
29, 1508
32, 1509
32, 1510
39, 1511
38, 1512
41, 1513
41, 1514
44, 1515
40, 1516
42, 1517
44, 1518
44, 1519
43, 1520
39, 1521
44, 1522
44, 1523
43, 1524
43, 1525
44, 1526
43, 1527
42, 1528
42, 1529
40, 1530
38, 1531
33, 1532
33, 1533
32, 1534
29, 1535
27, 1536
31, 1537
30, 1538
24, 1539
26, 1540
32, 1541
31, 1542
34, 1543
40, 1544
44, 1545
47, 1546
46, 1547
48, 1548
53, 1549
55, 1550
49, 1551
50, 1552
48, 1553
44, 1554
44, 1555
43, 1556
41, 1557
39, 1558
37, 1559
34, 1560
36, 1561
40, 1562
40, 1563
42, 1564
41, 1565
38, 1566
38, 1567
44, 1568
44, 1569
43, 1570
44, 1571
42, 1572
37, 1573
34, 1574
35, 1575
37, 1576
32, 1577
28, 1578
28, 1579
31, 1580
33, 1581
33, 1582
38, 1583
38, 1584
37, 1585
37, 1586
41, 1587
39, 1588
44, 1589
41, 1590
39, 1591
39, 1592
40, 1593
40, 1594
43, 1595
48, 1596
53, 1597
62, 1598
58, 1599
65, 1600
63, 1601
63, 1602
61, 1603
60, 1604
53, 1605
50, 1606
44, 1607
38, 1608
38, 1609
31, 1610
33, 1611
32, 1612
30, 1613
36, 1614
41, 1615
45, 1616
47, 1617
44, 1618
46, 1619
48, 1620
46, 1621
48, 1622
49, 1623
43, 1624
40, 1625
36, 1626
32, 1627
35, 1628
33, 1629
31, 1630
32, 1631
29, 1632
30, 1633
32, 1634
34, 1635
34, 1636
39, 1637
38, 1638
37, 1639
37, 1640
36, 1641
37, 1642
35, 1643
39, 1644
41, 1645
42, 1646
39, 1647
40, 1648
44, 1649
45, 1650
48, 1651
48, 1652
50, 1653
46, 1654
44, 1655
42, 1656
43, 1657
47, 1658
45, 1659
47, 1660
44, 1661
43, 1662
48, 1663
49, 1664
48, 1665
46, 1666
46, 1667
39, 1668
43, 1669
40, 1670
41, 1671
43, 1672
37, 1673
37, 1674
40, 1675
45, 1676
45, 1677
47, 1678
41, 1679
45, 1680
44, 1681
42, 1682
42, 1683
38, 1684
36, 1685
33, 1686
29, 1687
25, 1688
25, 1689
22, 1690
20, 1691
24, 1692
23, 1693
27, 1694
29, 1695
27, 1696
32, 1697
38, 1698
36, 1699
37, 1700
40, 1701
37, 1702
38, 1703
37, 1704
35, 1705
34, 1706
33, 1707
32, 1708
38, 1709
35, 1710
37, 1711
40, 1712
42, 1713
43, 1714
48, 1715
53, 1716
57, 1717
55, 1718
49, 1719
50, 1720
49, 1721
48, 1722
50, 1723
51, 1724
46, 1725
46, 1726
42, 1727
43, 1728
45, 1729
44, 1730
45, 1731
47, 1732
43, 1733
42, 1734
42, 1735
40, 1736
41, 1737
37, 1738
37, 1739
38, 1740
36, 1741
34, 1742
36, 1743
35, 1744
36, 1745
38, 1746
38, 1747
44, 1748
45, 1749
45, 1750
45, 1751
45, 1752
46, 1753
44, 1754
47, 1755
44, 1756
44, 1757
45, 1758
43, 1759
45, 1760
44, 1761
43, 1762
40, 1763
41, 1764
39, 1765
41, 1766
42, 1767
38, 1768
39, 1769
39, 1770
40, 1771
44, 1772
41, 1773
43, 1774
39, 1775
41, 1776
38, 1777
44, 1778
44, 1779
47, 1780
47, 1781
43, 1782
47, 1783
45, 1784
49, 1785
49, 1786
51, 1787
49, 1788
48, 1789
44, 1790
48, 1791
45, 1792
42, 1793
43, 1794
44, 1795
43, 1796
40, 1797
39, 1798
42, 1799
41, 1800
35, 1801
36, 1802
40, 1803
41, 1804
39, 1805
37, 1806
39, 1807
37, 1808
35, 1809
37, 1810
46, 1811
44, 1812
43, 1813
42, 1814
43, 1815
45, 1816
43, 1817
48, 1818
47, 1819
46, 1820
39, 1821
44, 1822
47, 1823
50, 1824
47, 1825
43, 1826
43, 1827
36, 1828
39, 1829
42, 1830
40, 1831
37, 1832
34, 1833
30, 1834
30, 1835
31, 1836
32, 1837
33, 1838
31, 1839
31, 1840
32, 1841
35, 1842
36, 1843
38, 1844
38, 1845
40, 1846
45, 1847
48, 1848
50, 1849
48, 1850
50, 1851
48, 1852
46, 1853
43, 1854
46, 1855
45, 1856
39, 1857
39, 1858
38, 1859
38, 1860
38, 1861
40, 1862
41, 1863
45, 1864
45, 1865
46, 1866
45, 1867
42, 1868
42, 1869
46, 1870
47, 1871
44, 1872
42, 1873
38, 1874
40, 1875
38, 1876
37, 1877
37, 1878
40, 1879
38, 1880
36, 1881
36, 1882
40, 1883
44, 1884
40, 1885
41, 1886
46, 1887
43, 1888
41, 1889
37, 1890
33, 1891
34, 1892
33, 1893
32, 1894
29, 1895
31, 1896
32, 1897
35, 1898
35, 1899
37, 1900
42, 1901
42, 1902
38, 1903
36, 1904
42, 1905
38, 1906
38, 1907
39, 1908
35, 1909
41, 1910
42, 1911
41, 1912
42, 1913
44, 1914
42, 1915
43, 1916
42, 1917
42, 1918
43, 1919
37, 1920
35, 1921
35, 1922
35, 1923
37, 1924
34, 1925
39, 1926
39, 1927
39, 1928
41, 1929
42, 1930
44, 1931
44, 1932
44, 1933
40, 1934
43, 1935
40, 1936
39, 1937
37, 1938
39, 1939
37, 1940
39, 1941
41, 1942
41, 1943
46, 1944
45, 1945
44, 1946
43, 1947
45, 1948
42, 1949
42, 1950
38, 1951
39, 1952
40, 1953
38, 1954
35, 1955
36, 1956
37, 1957
37, 1958
38, 1959
40, 1960
42, 1961
40, 1962
45, 1963
39, 1964
41, 1965
42, 1966
41, 1967
41, 1968
40, 1969
41, 1970
42, 1971
41, 1972
36, 1973
41, 1974
41, 1975
39, 1976
41, 1977
40, 1978
40, 1979
37, 1980
33, 1981
33, 1982
37, 1983
38, 1984
36, 1985
39, 1986
39, 1987
39, 1988
41, 1989
39, 1990
39, 1991
42, 1992
36, 1993
33, 1994
40, 1995
37, 1996
35, 1997
36, 1998
37, 1999
42, 2000
43, 2001
39, 2002
42, 2003
41, 2004
37, 2005
42, 2006
44, 2007
43, 2008
40, 2009
41, 2010
41, 2011
46, 2012
44, 2013
51, 2014
52, 2015
50, 2016
51, 2017
50, 2018
54, 2019
50, 2020
51, 2021
51, 2022
52, 2023
47, 2024
42, 2025
42, 2026
38, 2027
40, 2028
35, 2029
37, 2030
34, 2031
30, 2032
28, 2033
30, 2034
34, 2035
32, 2036
38, 2037
37, 2038
37, 2039
35, 2040
38, 2041
42, 2042
43, 2043
44, 2044
45, 2045
42, 2046
38, 2047
40, 2048
43, 2049
41, 2050
40, 2051
35, 2052
38, 2053
34, 2054
34, 2055
35, 2056
33, 2057
32, 2058
29, 2059
34, 2060
37, 2061
39, 2062
38, 2063
37, 2064
34, 2065
35, 2066
34, 2067
32, 2068
32, 2069
32, 2070
29, 2071
33, 2072
35, 2073
37, 2074
37, 2075
39, 2076
40, 2077
43, 2078
46, 2079
46, 2080
45, 2081
41, 2082
41, 2083
41, 2084
41, 2085
38, 2086
38, 2087
39, 2088
39, 2089
36, 2090
35, 2091
40, 2092
42, 2093
41, 2094
41, 2095
44, 2096
47, 2097
43, 2098
43, 2099
45, 2100
47, 2101
42, 2102
40, 2103
41, 2104
43, 2105
41, 2106
38, 2107
44, 2108
41, 2109
39, 2110
39, 2111
39, 2112
35, 2113
34, 2114
32, 2115
32, 2116
34, 2117
27, 2118
31, 2119
35, 2120
38, 2121
38, 2122
39, 2123
41, 2124
42, 2125
45, 2126
46, 2127
47, 2128
46, 2129
41, 2130
37, 2131
37, 2132
37, 2133
37, 2134
38, 2135
36, 2136
32, 2137
33, 2138
34, 2139
36, 2140
37, 2141
36, 2142
38, 2143
36, 2144
38, 2145
40, 2146
44, 2147
51, 2148
53, 2149
52, 2150
51, 2151
53, 2152
50, 2153
49, 2154
48, 2155
43, 2156
41, 2157
40, 2158
36, 2159
41, 2160
41, 2161
40, 2162
42, 2163
45, 2164
43, 2165
47, 2166
47, 2167
44, 2168
44, 2169
39, 2170
42, 2171
42, 2172
42, 2173
39, 2174
42, 2175
41, 2176
43, 2177
42, 2178
40, 2179
43, 2180
40, 2181
41, 2182
43, 2183
45, 2184
44, 2185
44, 2186
40, 2187
37, 2188
36, 2189
39, 2190
38, 2191
36, 2192
34, 2193
37, 2194
35, 2195
35, 2196
36, 2197
39, 2198
43, 2199
39, 2200
44, 2201
43, 2202
43, 2203
41, 2204
42, 2205
44, 2206
45, 2207
41, 2208
38, 2209
39, 2210
38, 2211
42, 2212
47, 2213
47, 2214
49, 2215
47, 2216
48, 2217
50, 2218
51, 2219
50, 2220
52, 2221
48, 2222
42, 2223
45, 2224
41, 2225
45, 2226
44, 2227
44, 2228
46, 2229
45, 2230
41, 2231
43, 2232
45, 2233
43, 2234
43, 2235
41, 2236
40, 2237
42, 2238
42, 2239
41, 2240
40, 2241
39, 2242
39, 2243
39, 2244
43, 2245
45, 2246
50, 2247
48, 2248
46, 2249
53, 2250
58, 2251
60, 2252
58, 2253
54, 2254
52, 2255
47, 2256
43, 2257
43, 2258
44, 2259
39, 2260
35, 2261
34, 2262
34, 2263
40, 2264
37, 2265
37, 2266
39, 2267
40, 2268
40, 2269
36, 2270
37, 2271
35, 2272
36, 2273
34, 2274
39, 2275
39, 2276
37, 2277
38, 2278
39, 2279
41, 2280
39, 2281
44, 2282
43, 2283
42, 2284
38, 2285
36, 2286
39, 2287
37, 2288
35, 2289
35, 2290
38, 2291
36, 2292
35, 2293
30, 2294
29, 2295
33, 2296
32, 2297
33, 2298
34, 2299
34, 2300
37, 2301
36, 2302
36, 2303
40, 2304
42, 2305
39, 2306
40, 2307
41, 2308
41, 2309
42, 2310
35, 2311
36, 2312
41, 2313
41, 2314
39, 2315
44, 2316
40, 2317
37, 2318
37, 2319
37, 2320
37, 2321
40, 2322
40, 2323
37, 2324
40, 2325
39, 2326
42, 2327
45, 2328
46, 2329
43, 2330
49, 2331
47, 2332
44, 2333
49, 2334
50, 2335
51, 2336
49, 2337
55, 2338
53, 2339
55, 2340
48, 2341
51, 2342
50, 2343
49, 2344
49, 2345
45, 2346
47, 2347
38, 2348
40, 2349
38, 2350
43, 2351
39, 2352
41, 2353
41, 2354
37, 2355
37, 2356
33, 2357
32, 2358
34, 2359
38, 2360
36, 2361
41, 2362
37, 2363
35, 2364
40, 2365
41, 2366
49, 2367
53, 2368
47, 2369
47, 2370
49, 2371
42, 2372
46, 2373
49, 2374
47, 2375
49, 2376
42, 2377
41, 2378
44, 2379
45, 2380
42, 2381
43, 2382
41, 2383
41, 2384
39, 2385
36, 2386
40, 2387
39, 2388
38, 2389
35, 2390
35, 2391
38, 2392
40, 2393
44, 2394
48, 2395
47, 2396
48, 2397
47, 2398
47, 2399
46, 2400
45, 2401
44, 2402
44, 2403
38, 2404
33, 2405
34, 2406
36, 2407
36, 2408
37, 2409
39, 2410
45, 2411
43, 2412
42, 2413
46, 2414
52, 2415
58, 2416
54, 2417
60, 2418
62, 2419
59, 2420
56, 2421
55, 2422
59, 2423
59, 2424
56, 2425
54, 2426
51, 2427
47, 2428
45, 2429
47, 2430
44, 2431
45, 2432
45, 2433
38, 2434
37, 2435
34, 2436
36, 2437
38, 2438
39, 2439
41, 2440
44, 2441
45, 2442
42, 2443
46, 2444
48, 2445
45, 2446
43, 2447
41, 2448
39, 2449
42, 2450
44, 2451
46, 2452
44, 2453
42, 2454
40, 2455
43, 2456
42, 2457
39, 2458
41, 2459
37, 2460
33, 2461
31, 2462
30, 2463
29, 2464
31, 2465
28, 2466
31, 2467
37, 2468
38, 2469
39, 2470
41, 2471
40, 2472
41, 2473
42, 2474
43, 2475
45, 2476
45, 2477
42, 2478
38, 2479
37, 2480
34, 2481
36, 2482
39, 2483
42, 2484
40, 2485
40, 2486
45, 2487
45, 2488
43, 2489
43, 2490
48, 2491
48, 2492
45, 2493
43, 2494
42, 2495
41, 2496
32, 2497
33, 2498
37, 2499
39, 2500
36, 2501
35, 2502
35, 2503
36, 2504
40, 2505
42, 2506
44, 2507
46, 2508
49, 2509
47, 2510
46, 2511
48, 2512
47, 2513
45, 2514
44, 2515
45, 2516
47, 2517
48, 2518
43, 2519
43, 2520
41, 2521
38, 2522
42, 2523
45, 2524
44, 2525
44, 2526
45, 2527
43, 2528
47, 2529
54, 2530
58, 2531
59, 2532
60, 2533
56, 2534
58, 2535
57, 2536
56, 2537
52, 2538
51, 2539
48, 2540
49, 2541
47, 2542
43, 2543
50, 2544
45, 2545
47, 2546
48, 2547
50, 2548
49, 2549
43, 2550
44, 2551
45, 2552
48, 2553
43, 2554
45, 2555
43, 2556
42, 2557
42, 2558
40, 2559
44, 2560
44, 2561
44, 2562
45, 2563
49, 2564
49, 2565
48, 2566
49, 2567
50, 2568
53, 2569
49, 2570
45, 2571
47, 2572
46, 2573
39, 2574
38, 2575
37, 2576
36, 2577
32, 2578
28, 2579
33, 2580
33, 2581
30, 2582
28, 2583
29, 2584
32, 2585
34, 2586
33, 2587
37, 2588
37, 2589
33, 2590
33, 2591
36, 2592
34, 2593
34, 2594
30, 2595
30, 2596
32, 2597
35, 2598
41, 2599
41, 2600
45, 2601
46, 2602
48, 2603
50, 2604
55, 2605
55, 2606
57, 2607
52, 2608
48, 2609
51, 2610
44, 2611
41, 2612
43, 2613
43, 2614
40, 2615
37, 2616
34, 2617
33, 2618
35, 2619
37, 2620
41, 2621
42, 2622
42, 2623
41, 2624
43, 2625
47, 2626
44, 2627
49, 2628
51, 2629
45, 2630
47, 2631
48, 2632
44, 2633
44, 2634
42, 2635
43, 2636
47, 2637
44, 2638
39, 2639
41, 2640
44, 2641
39, 2642
42, 2643
43, 2644
40, 2645
40, 2646
37, 2647
37, 2648
37, 2649
37, 2650
31, 2651
35, 2652
34, 2653
33, 2654
33, 2655
31, 2656
37, 2657
36, 2658
35, 2659
34, 2660
34, 2661
34, 2662
33, 2663
37, 2664
41, 2665
39, 2666
40, 2667
37, 2668
38, 2669
40, 2670
46, 2671
45, 2672
48, 2673
46, 2674
44, 2675
44, 2676
38, 2677
38, 2678
40, 2679
39, 2680
32, 2681
31, 2682
27, 2683
26, 2684
26, 2685
26, 2686
25, 2687
28, 2688
26, 2689
24, 2690
28, 2691
29, 2692
32, 2693
31, 2694
32, 2695
32, 2696
35, 2697
38, 2698
36, 2699
41, 2700
42, 2701
44, 2702
43, 2703
47, 2704
46, 2705
46, 2706
42, 2707
38, 2708
40, 2709
39, 2710
34, 2711
32, 2712
31, 2713
28, 2714
30, 2715
29, 2716
34, 2717
38, 2718
40, 2719
35, 2720
35, 2721
37, 2722
42, 2723
40, 2724
38, 2725
40, 2726
38, 2727
35, 2728
37, 2729
45, 2730
45, 2731
42, 2732
40, 2733
39, 2734
43, 2735
44, 2736
46, 2737
47, 2738
42, 2739
36, 2740
37, 2741
39, 2742
36, 2743
38, 2744
34, 2745
32, 2746
30, 2747
26, 2748
27, 2749
27, 2750
27, 2751
29, 2752
29, 2753
31, 2754
31, 2755
34, 2756
35, 2757
37, 2758
42, 2759
41, 2760
42, 2761
41, 2762
45, 2763
42, 2764
42, 2765
40, 2766
42, 2767
42, 2768
37, 2769
39, 2770
38, 2771
38, 2772
35, 2773
37, 2774
38, 2775
41, 2776
36, 2777
39, 2778
40, 2779
41, 2780
42, 2781
40, 2782
39, 2783
39, 2784
41, 2785
39, 2786
42, 2787
41, 2788
42, 2789
40, 2790
38, 2791
39, 2792
40, 2793
39, 2794
37, 2795
34, 2796
30, 2797
31, 2798
32, 2799
32, 2800
30, 2801
33, 2802
31, 2803
37, 2804
34, 2805
38, 2806
46, 2807
45, 2808
47, 2809
50, 2810
55, 2811
53, 2812
56, 2813
51, 2814
57, 2815
58, 2816
52, 2817
50, 2818
46, 2819
48, 2820
51, 2821
50, 2822
47, 2823
49, 2824
47, 2825
45, 2826
47, 2827
54, 2828
55, 2829
50, 2830
47, 2831
45, 2832
47, 2833
47, 2834
47, 2835
47, 2836
47, 2837
41, 2838
38, 2839
39, 2840
37, 2841
41, 2842
44, 2843
43, 2844
42, 2845
41, 2846
36, 2847
35, 2848
36, 2849
38, 2850
40, 2851
39, 2852
35, 2853
33, 2854
36, 2855
38, 2856
47, 2857
50, 2858
51, 2859
50, 2860
50, 2861
48, 2862
48, 2863
53, 2864
55, 2865
53, 2866
45, 2867
47, 2868
47, 2869
50, 2870
49, 2871
52, 2872
55, 2873
52, 2874
48, 2875
53, 2876
57, 2877
57, 2878
58, 2879
53, 2880
52, 2881
51, 2882
48, 2883
47, 2884
44, 2885
42, 2886
40, 2887
40, 2888
43, 2889
45, 2890
49, 2891
47, 2892
49, 2893
48, 2894
47, 2895
43, 2896
45, 2897
44, 2898
44, 2899
44, 2900
40, 2901
44, 2902
40, 2903
41, 2904
47, 2905
45, 2906
45, 2907
42, 2908
38, 2909
35, 2910
37, 2911
32, 2912
32, 2913
33, 2914
28, 2915
31, 2916
35, 2917
41, 2918
42, 2919
46, 2920
46, 2921
44, 2922
46, 2923
42, 2924
42, 2925
43, 2926
36, 2927
30, 2928
29, 2929
27, 2930
24, 2931
29, 2932
28, 2933
30, 2934
31, 2935
34, 2936
35, 2937
35, 2938
33, 2939
33, 2940
34, 2941
36, 2942
35, 2943
34, 2944
37, 2945
32, 2946
33, 2947
37, 2948
38, 2949
39, 2950
38, 2951
33, 2952
36, 2953
36, 2954
31, 2955
32, 2956
30, 2957
26, 2958
28, 2959
28, 2960
29, 2961
32, 2962
33, 2963
37, 2964
43, 2965
44, 2966
43, 2967
45, 2968
42, 2969
41, 2970
44, 2971
46, 2972
45, 2973
43, 2974
38, 2975
38, 2976
45, 2977
44, 2978
48, 2979
49, 2980
46, 2981
41, 2982
41, 2983
38, 2984
41, 2985
40, 2986
36, 2987
35, 2988
34, 2989
32, 2990
30, 2991
31, 2992
31, 2993
35, 2994
34, 2995
34, 2996
35, 2997
36, 2998
35, 2999
34, 3000
37, 3001
37, 3002
39, 3003
40, 3004
40, 3005
43, 3006
46, 3007
45, 3008
47, 3009
48, 3010
47, 3011
50, 3012
47, 3013
47, 3014
44, 3015
43, 3016
38, 3017
38, 3018
40, 3019
43, 3020
40, 3021
36, 3022
35, 3023
34, 3024
42, 3025
39, 3026
39, 3027
37, 3028
32, 3029
29, 3030
34, 3031
38, 3032
40, 3033
38, 3034
31, 3035
36, 3036
36, 3037
39, 3038
40, 3039
43, 3040
39, 3041
38, 3042
41, 3043
45, 3044
47, 3045
45, 3046
44, 3047
42, 3048
45, 3049
47, 3050
52, 3051
52, 3052
47, 3053
45, 3054
44, 3055
42, 3056
46, 3057
47, 3058
42, 3059
40, 3060
35, 3061
31, 3062
31, 3063
28, 3064
28, 3065
30, 3066
30, 3067
29, 3068
31, 3069
28, 3070
28, 3071
29, 3072
31, 3073
32, 3074
35, 3075
32, 3076
28, 3077
29, 3078
34, 3079
37, 3080
40, 3081
40, 3082
39, 3083
44, 3084
40, 3085
46, 3086
48, 3087
49, 3088
45, 3089
43, 3090
41, 3091
42, 3092
44, 3093
39, 3094
41, 3095
39, 3096
36, 3097
35, 3098
38, 3099
38, 3100
37, 3101
35, 3102
34, 3103
32, 3104
33, 3105
32, 3106
35, 3107
35, 3108
30, 3109
30, 3110
32, 3111
33, 3112
33, 3113
34, 3114
32, 3115
34, 3116
34, 3117
32, 3118
36, 3119
33, 3120
33, 3121
34, 3122
33, 3123
35, 3124
40, 3125
38, 3126
39, 3127
41, 3128
39, 3129
41, 3130
42, 3131
44, 3132
43, 3133
42, 3134
38, 3135
39, 3136
39, 3137
41, 3138
42, 3139
39, 3140
37, 3141
38, 3142
39, 3143
40, 3144
42, 3145
40, 3146
39, 3147
39, 3148
37, 3149
39, 3150
39, 3151
41, 3152
46, 3153
47, 3154
45, 3155
45, 3156
45, 3157
46, 3158
46, 3159
48, 3160
49, 3161
43, 3162
36, 3163
32, 3164
28, 3165
28, 3166
30, 3167
27, 3168
24, 3169
23, 3170
25, 3171
26, 3172
29, 3173
32, 3174
38, 3175
40, 3176
41, 3177
42, 3178
43, 3179
45, 3180
46, 3181
47, 3182
44, 3183
45, 3184
41, 3185
41, 3186
38, 3187
36, 3188
38, 3189
38, 3190
40, 3191
41, 3192
49, 3193
46, 3194
48, 3195
47, 3196
46, 3197
48, 3198
50, 3199
49, 3200
43, 3201
43, 3202
40, 3203
45, 3204
41, 3205
41, 3206
42, 3207
42, 3208
40, 3209
40, 3210
41, 3211
38, 3212
39, 3213
36, 3214
41, 3215
40, 3216
40, 3217
40, 3218
43, 3219
46, 3220
48, 3221
56, 3222
51, 3223
55, 3224
51, 3225
51, 3226
49, 3227
47, 3228
42, 3229
38, 3230
35, 3231
33, 3232
35, 3233
31, 3234
32, 3235
37, 3236
42, 3237
45, 3238
47, 3239
47, 3240
46, 3241
41, 3242
38, 3243
38, 3244
41, 3245
37, 3246
32, 3247
31, 3248
34, 3249
35, 3250
39, 3251
39, 3252
40, 3253
38, 3254
40, 3255
39, 3256
40, 3257
37, 3258
33, 3259
33, 3260
33, 3261
34, 3262
38, 3263
40, 3264
37, 3265
36, 3266
34, 3267
41, 3268
43, 3269
40, 3270
36, 3271
34, 3272
33, 3273
32, 3274
30, 3275
34, 3276
39, 3277
35, 3278
33, 3279
37, 3280
38, 3281
38, 3282
36, 3283
44, 3284
50, 3285
49, 3286
45, 3287
44, 3288
45, 3289
46, 3290
54, 3291
56, 3292
57, 3293
49, 3294
51, 3295
46, 3296
53, 3297
52, 3298
55, 3299
52, 3300
43, 3301
47, 3302
46, 3303
45, 3304
36, 3305
44, 3306
40, 3307
42, 3308
38, 3309
36, 3310
41, 3311
39, 3312
40, 3313
39, 3314
42, 3315
35, 3316
33, 3317
31, 3318
34, 3319
37, 3320
33, 3321
31, 3322
30, 3323
33, 3324
34, 3325
33, 3326
35, 3327
40, 3328
36, 3329
33, 3330
36, 3331
36, 3332
39, 3333
35, 3334
41, 3335
44, 3336
44, 3337
39, 3338
40, 3339
48, 3340
51, 3341
47, 3342
45, 3343
46, 3344
39, 3345
40, 3346
39, 3347
40, 3348
41, 3349
34, 3350
29, 3351
35, 3352
38, 3353
41, 3354
47, 3355
47, 3356
48, 3357
49, 3358
51, 3359
50, 3360
51, 3361
49, 3362
47, 3363
46, 3364
38, 3365
38, 3366
36, 3367
36, 3368
35, 3369
40, 3370
40, 3371
39, 3372
36, 3373
37, 3374
37, 3375
38, 3376
43, 3377
42, 3378
44, 3379
44, 3380
42, 3381
42, 3382
44, 3383
45, 3384
45, 3385
42, 3386
41, 3387
44, 3388
39, 3389
35, 3390
36, 3391
35, 3392
35, 3393
33, 3394
33, 3395
35, 3396
35, 3397
36, 3398
38, 3399
40, 3400
40, 3401
43, 3402
43, 3403
47, 3404
48, 3405
45, 3406
41, 3407
39, 3408
39, 3409
36, 3410
36, 3411
33, 3412
32, 3413
31, 3414
35, 3415
38, 3416
37, 3417
35, 3418
36, 3419
39, 3420
42, 3421
47, 3422
49, 3423
48, 3424
47, 3425
48, 3426
51, 3427
50, 3428
50, 3429
50, 3430
54, 3431
53, 3432
50, 3433
46, 3434
46, 3435
47, 3436
45, 3437
45, 3438
43, 3439
44, 3440
40, 3441
38, 3442
39, 3443
40, 3444
39, 3445
34, 3446
35, 3447
37, 3448
37, 3449
33, 3450
28, 3451
30, 3452
30, 3453
30, 3454
30, 3455
33, 3456
33, 3457
33, 3458
32, 3459
35, 3460
34, 3461
35, 3462
35, 3463
38, 3464
37, 3465
33, 3466
37, 3467
40, 3468
45, 3469
47, 3470
53, 3471
48, 3472
49, 3473
47, 3474
47, 3475
50, 3476
49, 3477
46, 3478
46, 3479
42, 3480
40, 3481
41, 3482
39, 3483
38, 3484
37, 3485
39, 3486
33, 3487
36, 3488
36, 3489
36, 3490
39, 3491
39, 3492
41, 3493
44, 3494
47, 3495
45, 3496
51, 3497
49, 3498
47, 3499
51, 3500
54, 3501
57, 3502
63, 3503
59, 3504
58, 3505
55, 3506
50, 3507
51, 3508
51, 3509
49, 3510
40, 3511
37, 3512
31, 3513
32, 3514
34, 3515
35, 3516
37, 3517
36, 3518
35, 3519
36, 3520
37, 3521
42, 3522
41, 3523
43, 3524
37, 3525
36, 3526
35, 3527
34, 3528
34, 3529
34, 3530
37, 3531
33, 3532
31, 3533
30, 3534
33, 3535
36, 3536
38, 3537
37, 3538
41, 3539
40, 3540
38, 3541
39, 3542
42, 3543
41, 3544
43, 3545
41, 3546
40, 3547
39, 3548
37, 3549
39, 3550
41, 3551
45, 3552
43, 3553
45, 3554
47, 3555
49, 3556
47, 3557
51, 3558
49, 3559
46, 3560
47, 3561
41, 3562
46, 3563
44, 3564
40, 3565
41, 3566
42, 3567
43, 3568
42, 3569
43, 3570
39, 3571
37, 3572
35, 3573
42, 3574
41, 3575
41, 3576
39, 3577
37, 3578
40, 3579
40, 3580
41, 3581
45, 3582
42, 3583
39, 3584
39, 3585
40, 3586
41, 3587
38, 3588
35, 3589
35, 3590
39, 3591
37, 3592
37, 3593
39, 3594
37, 3595
39, 3596
43, 3597
45, 3598
46, 3599
47, 3600
46, 3601
48, 3602
50, 3603
48, 3604
51, 3605
46, 3606
44, 3607
41, 3608
40, 3609
41, 3610
40, 3611
41, 3612
40, 3613
35, 3614
35, 3615
37, 3616
37, 3617
38, 3618
39, 3619
37, 3620
40, 3621
39, 3622
42, 3623
47, 3624
49, 3625
48, 3626
46, 3627
48, 3628
51, 3629
51, 3630
44, 3631
42, 3632
41, 3633
37, 3634
32, 3635
31, 3636
34, 3637
31, 3638
31, 3639
35, 3640
37, 3641
42, 3642
40, 3643
41, 3644
44, 3645
47, 3646
45, 3647
45, 3648
43, 3649
39, 3650
40, 3651
33, 3652
35, 3653
36, 3654
37, 3655
35, 3656
43, 3657
48, 3658
45, 3659
45, 3660
45, 3661
49, 3662
47, 3663
47, 3664
42, 3665
41, 3666
32, 3667
29, 3668
31, 3669
29, 3670
30, 3671
35, 3672
37, 3673
36, 3674
41, 3675
44, 3676
43, 3677
44, 3678
46, 3679
48, 3680
46, 3681
38, 3682
40, 3683
39, 3684
37, 3685
34, 3686
36, 3687
37, 3688
33, 3689
31, 3690
32, 3691
36, 3692
30, 3693
35, 3694
38, 3695
37, 3696
35, 3697
36, 3698
42, 3699
45, 3700
46, 3701
44, 3702
44, 3703
39, 3704
40, 3705
42, 3706
49, 3707
43, 3708
41, 3709
39, 3710
35, 3711
35, 3712
37, 3713
36, 3714
31, 3715
32, 3716
26, 3717
33, 3718
35, 3719
34, 3720
37, 3721
34, 3722
33, 3723
35, 3724
36, 3725
34, 3726
37, 3727
32, 3728
27, 3729
30, 3730
29, 3731
35, 3732
38, 3733
38, 3734
39, 3735
41, 3736
43, 3737
46, 3738
51, 3739
47, 3740
46, 3741
44, 3742
46, 3743
43, 3744
41, 3745
38, 3746
38, 3747
37, 3748
34, 3749
36, 3750
35, 3751
32, 3752
29, 3753
34, 3754
37, 3755
39, 3756
38, 3757
39, 3758
41, 3759
42, 3760
41, 3761
44, 3762
41, 3763
38, 3764
36, 3765
35, 3766
34, 3767
32, 3768
29, 3769
33, 3770
37, 3771
36, 3772
39, 3773
39, 3774
38, 3775
40, 3776
41, 3777
43, 3778
41, 3779
34, 3780
34, 3781
36, 3782
40, 3783
40, 3784
44, 3785
44, 3786
41, 3787
40, 3788
42, 3789
52, 3790
51, 3791
48, 3792
47, 3793
48, 3794
44, 3795
46, 3796
49, 3797
50, 3798
49, 3799
42, 3800
42, 3801
42, 3802
37, 3803
37, 3804
40, 3805
38, 3806
35, 3807
37, 3808
41, 3809
44, 3810
44, 3811
50, 3812
55, 3813
56, 3814
54, 3815
54, 3816
55, 3817
51, 3818
50, 3819
48, 3820
46, 3821
38, 3822
31, 3823
31, 3824
31, 3825
33, 3826
30, 3827
33, 3828
35, 3829
32, 3830
38, 3831
39, 3832
41, 3833
39, 3834
42, 3835
39, 3836
44, 3837
40, 3838
38, 3839
41, 3840
39, 3841
40, 3842
39, 3843
39, 3844
35, 3845
35, 3846
33, 3847
36, 3848
34, 3849
35, 3850
34, 3851
35, 3852
40, 3853
38, 3854
38, 3855
40, 3856
38, 3857
36, 3858
37, 3859
32, 3860
32, 3861
31, 3862
34, 3863
40, 3864
43, 3865
38, 3866
39, 3867
41, 3868
39, 3869
42, 3870
44, 3871
46, 3872
39, 3873
40, 3874
40, 3875
40, 3876
43, 3877
45, 3878
48, 3879
46, 3880
44, 3881
42, 3882
40, 3883
39, 3884
37, 3885
37, 3886
34, 3887
29, 3888
28, 3889
28, 3890
30, 3891
32, 3892
37, 3893
38, 3894
43, 3895
46, 3896
49, 3897
54, 3898
53, 3899
57, 3900
56, 3901
52, 3902
50, 3903
43, 3904
38, 3905
40, 3906
37, 3907
35, 3908
38, 3909
35, 3910
32, 3911
35, 3912
38, 3913
42, 3914
42, 3915
41, 3916
38, 3917
34, 3918
30, 3919
33, 3920
33, 3921
32, 3922
31, 3923
33, 3924
37, 3925
34, 3926
36, 3927
40, 3928
46, 3929
48, 3930
52, 3931
54, 3932
55, 3933
54, 3934
54, 3935
61, 3936
64, 3937
64, 3938
59, 3939
51, 3940
50, 3941
49, 3942
46, 3943
44, 3944
41, 3945
37, 3946
34, 3947
31, 3948
35, 3949
40, 3950
40, 3951
45, 3952
47, 3953
47, 3954
48, 3955
45, 3956
49, 3957
50, 3958
47, 3959
46, 3960
46, 3961
40, 3962
37, 3963
38, 3964
36, 3965
36, 3966
34, 3967
36, 3968
42, 3969
44, 3970
41, 3971
43, 3972
45, 3973
47, 3974
49, 3975
48, 3976
49, 3977
49, 3978
46, 3979
44, 3980
45, 3981
44, 3982
43, 3983
41, 3984
40, 3985
43, 3986
43, 3987
39, 3988
33, 3989
31, 3990
31, 3991
32, 3992
32, 3993
32, 3994
30, 3995
32, 3996
29, 3997
32, 3998
34, 3999
39, 4000
