13, 1
26, 2
38, 3
50, 4
57, 5
68, 6
72, 7
83, 8
91, 9
94, 10
100, 11
112, 12
119, 13
126, 14
136, 15
143, 16
150, 17
157, 18
162, 19
172, 20
181, 21
188, 22
197, 23
209, 24
214, 25
231, 26
241, 27
244, 28
252, 29
259, 30
263, 31
272, 32
283, 33
291, 34
297, 35
314, 36
324, 37
331, 38
338, 39
346, 40
356, 41
364, 42
374, 43
383, 44
394, 45
408, 46
410, 47
418, 48
421, 49
431, 50
438, 51
448, 52
454, 53
462, 54
469, 55
479, 56
485, 57
493, 58
498, 59
510, 60
513, 61
520, 62
530, 63
538, 64
544, 65
552, 66
562, 67
567, 68
573, 69
584, 70
596, 71
607, 72
612, 73
621, 74
629, 75
634, 76
645, 77
655, 78
663, 79
665, 80
675, 81
681, 82
687, 83
693, 84
704, 85
712, 86
722, 87
724, 88
730, 89
737, 90
748, 91
759, 92
766, 93
772, 94
779, 95
785, 96
797, 97
802, 98
809, 99
820, 100
812, 101
810, 102
803, 103
799, 104
803, 105
795, 106
801, 107
800, 108
801, 109
809, 110
810, 111
803, 112
798, 113
796, 114
797, 115
798, 116
803, 117
806, 118
811, 119
806, 120
807, 121
806, 122
811, 123
807, 124
806, 125
795, 126
795, 127
802, 128
802, 129
806, 130
810, 131
806, 132
806, 133
809, 134
812, 135
802, 136
799, 137
807, 138
810, 139
814, 140
808, 141
808, 142
808, 143
806, 144
803, 145
798, 146
803, 147
802, 148
813, 149
809, 150
816, 151
819, 152
822, 153
821, 154
822, 155
817, 156
821, 157
821, 158
825, 159
822, 160
825, 161
828, 162
823, 163
826, 164
831, 165
835, 166
833, 167
838, 168
847, 169
851, 170
848, 171
849, 172
850, 173
847, 174
847, 175
850, 176
845, 177
845, 178
845, 179
853, 180
850, 181
859, 182
857, 183
860, 184
859, 185
859, 186
856, 187
863, 188
868, 189
866, 190
864, 191
860, 192
861, 193
861, 194
864, 195
867, 196
865, 197
870, 198
869, 199
866, 200
868, 201
867, 202
869, 203
874, 204
870, 205
874, 206
875, 207
876, 208
875, 209
873, 210
877, 211
882, 212
886, 213
892, 214
886, 215
887, 216
882, 217
877, 218
877, 219
879, 220
874, 221
880, 222
876, 223
878, 224
878, 225
881, 226
875, 227
870, 228
868, 229
862, 230
863, 231
869, 232
862, 233
858, 234
857, 235
855, 236
860, 237
851, 238
849, 239
851, 240
851, 241
848, 242
851, 243
854, 244
852, 245
848, 246
846, 247
848, 248
844, 249
842, 250
836, 251
829, 252
828, 253
828, 254
826, 255
828, 256
825, 257
821, 258
814, 259
815, 260
815, 261
814, 262
817, 263
814, 264
815, 265
815, 266
812, 267
812, 268
804, 269
797, 270
796, 271
788, 272
789, 273
793, 274
791, 275
791, 276
789, 277
787, 278
788, 279
788, 280
791, 281
781, 282
794, 283
791, 284
788, 285
790, 286
789, 287
786, 288
780, 289
783, 290
777, 291
777, 292
780, 293
785, 294
778, 295
777, 296
774, 297
767, 298
765, 299
771, 300
772, 301
767, 302
766, 303
759, 304
759, 305
754, 306
752, 307
745, 308
740, 309
737, 310
731, 311
724, 312
728, 313
722, 314
726, 315
725, 316
724, 317
730, 318
726, 319
732, 320
729, 321
725, 322
722, 323
723, 324
727, 325
730, 326
734, 327
734, 328
732, 329
733, 330
735, 331
731, 332
735, 333
732, 334
732, 335
736, 336
730, 337
736, 338
737, 339
733, 340
731, 341
736, 342
727, 343
725, 344
724, 345
729, 346
729, 347
727, 348
729, 349
731, 350
731, 351
737, 352
739, 353
740, 354
740, 355
742, 356
747, 357
747, 358
754, 359
751, 360
753, 361
751, 362
750, 363
754, 364
749, 365
743, 366
745, 367
744, 368
746, 369
747, 370
750, 371
752, 372
757, 373
754, 374
757, 375
756, 376
764, 377
765, 378
766, 379
768, 380
767, 381
772, 382
763, 383
768, 384
774, 385
767, 386
767, 387
771, 388
773, 389
778, 390
777, 391
777, 392
770, 393
767, 394
771, 395
770, 396
770, 397
779, 398
783, 399
780, 400
783, 401
788, 402
788, 403
793, 404
793, 405
797, 406
800, 407
805, 408
813, 409
815, 410
817, 411
824, 412
821, 413
824, 414
829, 415
829, 416
836, 417
837, 418
838, 419
826, 420
832, 421
834, 422
839, 423
833, 424
834, 425
834, 426
835, 427
840, 428
843, 429
844, 430
840, 431
840, 432
842, 433
844, 434
843, 435
846, 436
849, 437
846, 438
844, 439
841, 440
845, 441
848, 442
858, 443
858, 444
862, 445
860, 446
862, 447
860, 448
855, 449
860, 450
858, 451
852, 452
850, 453
848, 454
851, 455
852, 456
852, 457
860, 458
856, 459
853, 460
855, 461
853, 462
855, 463
849, 464
849, 465
849, 466
851, 467
855, 468
852, 469
849, 470
852, 471
858, 472
857, 473
863, 474
865, 475
866, 476
860, 477
859, 478
859, 479
855, 480
856, 481
851, 482
847, 483
841, 484
836, 485
837, 486
837, 487
838, 488
840, 489
833, 490
844, 491
843, 492
845, 493
848, 494
846, 495
848, 496
851, 497
850, 498
847, 499
847, 500
845, 501
845, 502
844, 503
840, 504
845, 505
847, 506
842, 507
844, 508
840, 509
838, 510
838, 511
843, 512
849, 513
846, 514
843, 515
844, 516
835, 517
837, 518
834, 519
841, 520
845, 521
845, 522
849, 523
853, 524
857, 525
849, 526
849, 527
847, 528
842, 529
843, 530
848, 531
848, 532
846, 533
848, 534
846, 535
842, 536
840, 537
842, 538
842, 539
850, 540
847, 541
841, 542
836, 543
837, 544
837, 545
836, 546
837, 547
836, 548
833, 549
827, 550
822, 551
826, 552
825, 553
829, 554
828, 555
826, 556
825, 557
818, 558
820, 559
822, 560
825, 561
829, 562
825, 563
825, 564
823, 565
824, 566
821, 567
820, 568
826, 569
828, 570
821, 571
817, 572
815, 573
810, 574
809, 575
807, 576
807, 577
806, 578
801, 579
796, 580
800, 581
806, 582
809, 583
812, 584
811, 585
814, 586
820, 587
818, 588
823, 589
826, 590
824, 591
831, 592
828, 593
822, 594
825, 595
820, 596
818, 597
812, 598
820, 599
813, 600
814, 601
807, 602
807, 603
807, 604
806, 605
809, 606
808, 607
801, 608
806, 609
810, 610
808, 611
800, 612
800, 613
803, 614
799, 615
797, 616
799, 617
796, 618
798, 619
796, 620
791, 621
789, 622
781, 623
779, 624
771, 625
780, 626
778, 627
781, 628
789, 629
786, 630
784, 631
786, 632
790, 633
795, 634
797, 635
798, 636
799, 637
794, 638
795, 639
791, 640
794, 641
797, 642
796, 643
796, 644
796, 645
791, 646
789, 647
790, 648
796, 649
799, 650
803, 651
800, 652
803, 653
800, 654
801, 655
798, 656
795, 657
802, 658
804, 659
812, 660
807, 661
802, 662
806, 663
807, 664
806, 665
808, 666
813, 667
816, 668
815, 669
813, 670
808, 671
812, 672
810, 673
813, 674
814, 675
819, 676
821, 677
817, 678
817, 679
822, 680
818, 681
819, 682
821, 683
822, 684
821, 685
819, 686
816, 687
810, 688
799, 689
800, 690
797, 691
790, 692
801, 693
801, 694
800, 695
804, 696
806, 697
808, 698
801, 699
801, 700
800, 701
808, 702
812, 703
813, 704
808, 705
807, 706
808, 707
812, 708
806, 709
807, 710
808, 711
807, 712
806, 713
807, 714
810, 715
807, 716
807, 717
803, 718
804, 719
803, 720
802, 721
799, 722
799, 723
803, 724
807, 725
803, 726
803, 727
800, 728
797, 729
795, 730
793, 731
792, 732
793, 733
782, 734
783, 735
779, 736
777, 737
781, 738
779, 739
775, 740
776, 741
777, 742
773, 743
772, 744
771, 745
777, 746
780, 747
780, 748
777, 749
774, 750
772, 751
772, 752
773, 753
774, 754
770, 755
775, 756
774, 757
769, 758
765, 759
758, 760
759, 761
763, 762
760, 763
766, 764
771, 765
771, 766
767, 767
759, 768
753, 769
753, 770
757, 771
757, 772
754, 773
750, 774
745, 775
741, 776
742, 777
748, 778
750, 779
752, 780
752, 781
747, 782
747, 783
745, 784
748, 785
751, 786
752, 787
755, 788
763, 789
758, 790
761, 791
764, 792
760, 793
770, 794
767, 795
763, 796
759, 797
764, 798
770, 799
775, 800
770, 801
768, 802
764, 803
769, 804
771, 805
773, 806
783, 807
782, 808
783, 809
779, 810
778, 811
782, 812
784, 813
779, 814
774, 815
786, 816
789, 817
795, 818
795, 819
793, 820
793, 821
799, 822
803, 823
805, 824
806, 825
804, 826
806, 827
809, 828
807, 829
808, 830
806, 831
808, 832
804, 833
811, 834
809, 835
809, 836
810, 837
815, 838
824, 839
824, 840
827, 841
820, 842
826, 843
826, 844
831, 845
831, 846
831, 847
839, 848
842, 849
848, 850
853, 851
852, 852
848, 853
847, 854
848, 855
847, 856
847, 857
845, 858
850, 859
848, 860
847, 861
845, 862
851, 863
846, 864
846, 865
843, 866
842, 867
844, 868
844, 869
843, 870
845, 871
836, 872
840, 873
842, 874
844, 875
844, 876
846, 877
846, 878
845, 879
844, 880
847, 881
846, 882
847, 883
853, 884
853, 885
855, 886
849, 887
850, 888
844, 889
851, 890
846, 891
843, 892
838, 893
832, 894
837, 895
838, 896
838, 897
830, 898
834, 899
839, 900
842, 901
837, 902
841, 903
831, 904
830, 905
828, 906
822, 907
822, 908
824, 909
823, 910
827, 911
823, 912
824, 913
832, 914
838, 915
833, 916
831, 917
826, 918
825, 919
828, 920
826, 921
824, 922
817, 923
817, 924
812, 925
822, 926
820, 927
815, 928
824, 929
822, 930
821, 931
818, 932
815, 933
814, 934
816, 935
816, 936
814, 937
807, 938
803, 939
805, 940
799, 941
803, 942
796, 943
799, 944
794, 945
795, 946
794, 947
787, 948
784, 949
783, 950
779, 951
781, 952
780, 953
779, 954
778, 955
779, 956
781, 957
784, 958
779, 959
777, 960
778, 961
778, 962
771, 963
773, 964
776, 965
774, 966
778, 967
778, 968
783, 969
785, 970
782, 971
787, 972
788, 973
787, 974
788, 975
792, 976
789, 977
789, 978
791, 979
787, 980
782, 981
781, 982
783, 983
780, 984
781, 985
776, 986
780, 987
782, 988
785, 989
778, 990
780, 991
781, 992
785, 993
780, 994
776, 995
775, 996
774, 997
776, 998
768, 999
761, 1000
