73, 1
157, 2
246, 3
326, 4
391, 5
483, 6
567, 7
642, 8
722, 9
813, 10
823, 11
810, 12
800, 13
805, 14
830, 15
828, 16
826, 17
823, 18
842, 19
838, 20
814, 21
819, 22
814, 23
810, 24
807, 25
787, 26
781, 27
774, 28
749, 29
742, 30
755, 31
759, 32
756, 33
740, 34
745, 35
744, 36
749, 37
761, 38
769, 39
762, 40
767, 41
759, 42
771, 43
797, 44
770, 45
793, 46
783, 47
788, 48
787, 49
791, 50
782, 51
806, 52
796, 53
775, 54
778, 55
775, 56
782, 57
760, 58
760, 59
755, 60
761, 61
744, 62
741, 63
766, 64
780, 65
764, 66
760, 67
773, 68
781, 69
773, 70
786, 71
776, 72
779, 73
766, 74
767, 75
768, 76
755, 77
772, 78
763, 79
773, 80
758, 81
776, 82
774, 83
767, 84
756, 85
774, 86
787, 87
779, 88
790, 89
796, 90
803, 91
781, 92
779, 93
778, 94
784, 95
768, 96
764, 97
763, 98
741, 99
749, 100
753, 101
767, 102
770, 103
757, 104
774, 105
787, 106
797, 107
799, 108
819, 109
799, 110
793, 111
794, 112
795, 113
801, 114
781, 115
777, 116
790, 117
796, 118
781, 119
797, 120
804, 121
791, 122
787, 123
811, 124
831, 125
818, 126
802, 127
791, 128
794, 129
799, 130
794, 131
788, 132
796, 133
798, 134
773, 135
780, 136
775, 137
782, 138
783, 139
762, 140
759, 141
771, 142
775, 143
774, 144
786, 145
774, 146
788, 147
790, 148
787, 149
784, 150
799, 151
811, 152
809, 153
817, 154
813, 155
831, 156
849, 157
863, 158
863, 159
866, 160
863, 161
861, 162
860, 163
854, 164
853, 165
861, 166
833, 167
801, 168
807, 169
820, 170
835, 171
817, 172
815, 173
795, 174
795, 175
776, 176
780, 177
785, 178
797, 179
789, 180
762, 181
776, 182
769, 183
774, 184
787, 185
803, 186
786, 187
801, 188
809, 189
810, 190
801, 191
797, 192
800, 193
784, 194
782, 195
771, 196
792, 197
783, 198
767, 199
774, 200
786, 201
802, 202
815, 203
824, 204
827, 205
837, 206
832, 207
847, 208
837, 209
830, 210
837, 211
808, 212
781, 213
776, 214
756, 215
747, 216
737, 217
722, 218
720, 219
724, 220
716, 221
739, 222
757, 223
780, 224
804, 225
784, 226
798, 227
789, 228
788, 229
788, 230
773, 231
771, 232
775, 233
772, 234
762, 235
792, 236
793, 237
800, 238
797, 239
795, 240
816, 241
834, 242
846, 243
839, 244
858, 245
837, 246
827, 247
817, 248
838, 249
856, 250
849, 251
813, 252
805, 253
798, 254
794, 255
811, 256
804, 257
818, 258
813, 259
796, 260
803, 261
811, 262
807, 263
832, 264
815, 265
805, 266
810, 267
798, 268
786, 269
779, 270
753, 271
758, 272
763, 273
735, 274
740, 275
745, 276
749, 277
759, 278
759, 279
769, 280
796, 281
805, 282
798, 283
802, 284
797, 285
802, 286
811, 287
818, 288
824, 289
827, 290
823, 291
824, 292
814, 293
825, 294
835, 295
835, 296
834, 297
830, 298
825, 299
813, 300
807, 301
821, 302
839, 303
833, 304
811, 305
808, 306
812, 307
813, 308
814, 309
826, 310
829, 311
818, 312
817, 313
825, 314
818, 315
814, 316
810, 317
795, 318
801, 319
788, 320
792, 321
774, 322
760, 323
772, 324
792, 325
785, 326
772, 327
778, 328
771, 329
785, 330
778, 331
772, 332
771, 333
765, 334
763, 335
787, 336
815, 337
817, 338
824, 339
821, 340
834, 341
835, 342
848, 343
835, 344
840, 345
827, 346
803, 347
813, 348
817, 349
820, 350
809, 351
829, 352
844, 353
842, 354
822, 355
813, 356
812, 357
808, 358
798, 359
798, 360
794, 361
780, 362
752, 363
751, 364
763, 365
780, 366
780, 367
775, 368
789, 369
790, 370
791, 371
792, 372
801, 373
795, 374
798, 375
789, 376
787, 377
794, 378
797, 379
796, 380
814, 381
839, 382
821, 383
835, 384
828, 385
811, 386
818, 387
819, 388
814, 389
805, 390
803, 391
788, 392
801, 393
790, 394
784, 395
795, 396
791, 397
780, 398
775, 399
794, 400
783, 401
788, 402
807, 403
831, 404
835, 405
838, 406
839, 407
844, 408
842, 409
830, 410
824, 411
790, 412
779, 413
757, 414
758, 415
743, 416
757, 417
754, 418
756, 419
765, 420
764, 421
783, 422
778, 423
796, 424
814, 425
832, 426
827, 427
828, 428
828, 429
836, 430
841, 431
844, 432
834, 433
829, 434
815, 435
810, 436
803, 437
803, 438
820, 439
797, 440
800, 441
801, 442
802, 443
803, 444
803, 445
807, 446
801, 447
800, 448
779, 449
785, 450
782, 451
784, 452
797, 453
807, 454
810, 455
819, 456
824, 457
821, 458
824, 459
811, 460
810, 461
809, 462
809, 463
801, 464
798, 465
803, 466
795, 467
809, 468
810, 469
836, 470
836, 471
841, 472
844, 473
821, 474
822, 475
787, 476
789, 477
776, 478
776, 479
767, 480
760, 481
750, 482
734, 483
732, 484
733, 485
751, 486
757, 487
761, 488
763, 489
753, 490
783, 491
815, 492
834, 493
835, 494
823, 495
819, 496
826, 497
834, 498
828, 499
827, 500
819, 501
783, 502
787, 503
797, 504
823, 505
831, 506
826, 507
817, 508
801, 509
795, 510
776, 511
778, 512
772, 513
774, 514
759, 515
745, 516
747, 517
747, 518
765, 519
774, 520
777, 521
776, 522
771, 523
753, 524
760, 525
788, 526
792, 527
799, 528
795, 529
787, 530
787, 531
797, 532
804, 533
830, 534
832, 535
799, 536
786, 537
785, 538
793, 539
797, 540
791, 541
781, 542
783, 543
773, 544
757, 545
760, 546
775, 547
774, 548
771, 549
784, 550
789, 551
784, 552
766, 553
758, 554
774, 555
788, 556
772, 557
776, 558
785, 559
764, 560
777, 561
803, 562
808, 563
827, 564
810, 565
816, 566
838, 567
832, 568
816, 569
832, 570
825, 571
792, 572
799, 573
786, 574
795, 575
781, 576
782, 577
762, 578
766, 579
766, 580
756, 581
767, 582
757, 583
760, 584
762, 585
756, 586
731, 587
746, 588
747, 589
744, 590
767, 591
764, 592
777, 593
782, 594
767, 595
781, 596
781, 597
808, 598
815, 599
821, 600
811, 601
827, 602
820, 603
801, 604
820, 605
826, 606
849, 607
833, 608
840, 609
845, 610
838, 611
830, 612
835, 613
850, 614
848, 615
845, 616
827, 617
817, 618
808, 619
808, 620
814, 621
807, 622
821, 623
828, 624
819, 625
813, 626
825, 627
831, 628
834, 629
825, 630
830, 631
823, 632
799, 633
785, 634
785, 635
773, 636
762, 637
747, 638
737, 639
732, 640
726, 641
740, 642
750, 643
755, 644
745, 645
763, 646
767, 647
774, 648
780, 649
780, 650
780, 651
793, 652
790, 653
794, 654
813, 655
805, 656
807, 657
825, 658
811, 659
814, 660
810, 661
798, 662
799, 663
785, 664
787, 665
817, 666
804, 667
790, 668
815, 669
812, 670
819, 671
814, 672
812, 673
813, 674
813, 675
801, 676
813, 677
813, 678
799, 679
805, 680
791, 681
799, 682
791, 683
810, 684
806, 685
803, 686
792, 687
797, 688
823, 689
828, 690
825, 691
827, 692
841, 693
812, 694
810, 695
813, 696
813, 697
807, 698
777, 699
770, 700
791, 701
784, 702
782, 703
810, 704
809, 705
796, 706
806, 707
807, 708
798, 709
795, 710
789, 711
800, 712
792, 713
783, 714
784, 715
786, 716
778, 717
791, 718
808, 719
805, 720
807, 721
815, 722
823, 723
816, 724
814, 725
807, 726
825, 727
815, 728
808, 729
808, 730
807, 731
785, 732
773, 733
777, 734
781, 735
783, 736
781, 737
794, 738
800, 739
805, 740
818, 741
831, 742
843, 743
837, 744
826, 745
824, 746
817, 747
819, 748
818, 749
804, 750
781, 751
782, 752
769, 753
785, 754
797, 755
796, 756
793, 757
785, 758
766, 759
783, 760
775, 761
768, 762
781, 763
777, 764
768, 765
790, 766
788, 767
775, 768
796, 769
793, 770
806, 771
822, 772
819, 773
823, 774
826, 775
812, 776
823, 777
833, 778
812, 779
821, 780
822, 781
808, 782
826, 783
827, 784
820, 785
815, 786
793, 787
795, 788
806, 789
782, 790
777, 791
773, 792
742, 793
736, 794
758, 795
753, 796
763, 797
771, 798
786, 799
802, 800
820, 801
820, 802
846, 803
848, 804
837, 805
849, 806
863, 807
844, 808
835, 809
832, 810
812, 811
811, 812
783, 813
762, 814
751, 815
750, 816
738, 817
742, 818
740, 819
733, 820
738, 821
745, 822
758, 823
770, 824
793, 825
783, 826
786, 827
792, 828
787, 829
799, 830
814, 831
815, 832
812, 833
824, 834
823, 835
838, 836
825, 837
802, 838
837, 839
832, 840
823, 841
822, 842
835, 843
834, 844
814, 845
802, 846
815, 847
823, 848
801, 849
801, 850
802, 851
788, 852
780, 853
786, 854
796, 855
800, 856
814, 857
824, 858
830, 859
834, 860
839, 861
833, 862
821, 863
805, 864
799, 865
789, 866
782, 867
775, 868
773, 869
753, 870
744, 871
768, 872
783, 873
803, 874
809, 875
818, 876
816, 877
817, 878
822, 879
827, 880
822, 881
807, 882
791, 883
779, 884
774, 885
785, 886
782, 887
783, 888
752, 889
777, 890
791, 891
803, 892
810, 893
819, 894
807, 895
803, 896
793, 897
794, 898
810, 899
807, 900
793, 901
791, 902
800, 903
790, 904
802, 905
795, 906
835, 907
839, 908
854, 909
845, 910
859, 911
850, 912
834, 913
840, 914
865, 915
864, 916
843, 917
846, 918
818, 919
828, 920
828, 921
843, 922
874, 923
859, 924
836, 925
846, 926
853, 927
856, 928
860, 929
848, 930
830, 931
828, 932
806, 933
838, 934
853, 935
852, 936
843, 937
847, 938
849, 939
840, 940
845, 941
842, 942
832, 943
809, 944
790, 945
789, 946
798, 947
772, 948
766, 949
776, 950
803, 951
798, 952
809, 953
808, 954
808, 955
807, 956
792, 957
804, 958
830, 959
829, 960
794, 961
801, 962
797, 963
812, 964
848, 965
850, 966
850, 967
858, 968
852, 969
853, 970
861, 971
867, 972
866, 973
851, 974
825, 975
826, 976
806, 977
801, 978
800, 979
802, 980
806, 981
780, 982
783, 983
781, 984
769, 985
768, 986
794, 987
788, 988
784, 989
800, 990
810, 991
830, 992
824, 993
822, 994
838, 995
825, 996
822, 997
822, 998
832, 999
806, 1000
