23, 1
42, 2
40, 3
27, 4
33, 5
38, 6
40, 7
45, 8
50, 9
39, 10
35, 11
38, 12
41, 13
36, 14
41, 15
36, 16
37, 17
43, 18
37, 19
41, 20
40, 21
37, 22
33, 23
27, 24
35, 25
45, 26
44, 27
51, 28
54, 29
45, 30
43, 31
32, 32
28, 33
33, 34
40, 35
39, 36
45, 37
44, 38
39, 39
44, 40
35, 41
26, 42
35, 43
32, 44
45, 45
56, 46
53, 47
46, 48
40, 49
41, 50
51, 51
58, 52
56, 53
52, 54
50, 55
38, 56
41, 57
45, 58
44, 59
49, 60
51, 61
45, 62
52, 63
47, 64
45, 65
46, 66
46, 67
30, 68
33, 69
47, 70
45, 71
40, 72
35, 73
38, 74
42, 75
41, 76
42, 77
39, 78
40, 79
48, 80
47, 81
44, 82
39, 83
41, 84
38, 85
37, 86
35, 87
39, 88
39, 89
38, 90
46, 91
41, 92
46, 93
47, 94
49, 95
32, 96
36, 97
48, 98
50, 99
58, 100
54, 101
48, 102
42, 103
47, 104
42, 105
37, 106
37, 107
46, 108
43, 109
37, 110
34, 111
39, 112
37, 113
39, 114
39, 115
38, 116
36, 117
38, 118
39, 119
40, 120
42, 121
38, 122
45, 123
41, 124
49, 125
50, 126
44, 127
38, 128
41, 129
47, 130
45, 131
39, 132
39, 133
42, 134
47, 135
46, 136
40, 137
38, 138
38, 139
33, 140
35, 141
36, 142
34, 143
39, 144
50, 145
53, 146
53, 147
48, 148
49, 149
38, 150
31, 151
39, 152
44, 153
48, 154
35, 155
33, 156
30, 157
38, 158
56, 159
53, 160
55, 161
50, 162
52, 163
42, 164
44, 165
42, 166
34, 167
33, 168
30, 169
37, 170
41, 171
42, 172
42, 173
30, 174
41, 175
54, 176
59, 177
48, 178
42, 179
40, 180
47, 181
51, 182
58, 183
42, 184
44, 185
44, 186
36, 187
38, 188
40, 189
37, 190
30, 191
35, 192
39, 193
38, 194
34, 195
42, 196
47, 197
41, 198
34, 199
43, 200
51, 201
53, 202
44, 203
41, 204
35, 205
38, 206
40, 207
36, 208
42, 209
49, 210
47, 211
40, 212
29, 213
34, 214
47, 215
55, 216
48, 217
37, 218
34, 219
33, 220
40, 221
33, 222
38, 223
43, 224
45, 225
36, 226
31, 227
36, 228
35, 229
34, 230
35, 231
47, 232
43, 233
35, 234
33, 235
31, 236
33, 237
27, 238
31, 239
34, 240
40, 241
34, 242
33, 243
25, 244
33, 245
33, 246
38, 247
41, 248
51, 249
48, 250
41, 251
37, 252
36, 253
44, 254
43, 255
45, 256
43, 257
46, 258
43, 259
34, 260
35, 261
41, 262
38, 263
41, 264
44, 265
37, 266
32, 267
33, 268
44, 269
35, 270
35, 271
38, 272
46, 273
47, 274
40, 275
34, 276
33, 277
45, 278
45, 279
50, 280
44, 281
38, 282
33, 283
44, 284
40, 285
36, 286
33, 287
39, 288
43, 289
39, 290
41, 291
38, 292
45, 293
43, 294
49, 295
42, 296
44, 297
45, 298
43, 299
39, 300
36, 301
42, 302
39, 303
38, 304
39, 305
37, 306
35, 307
40, 308
45, 309
47, 310
47, 311
38, 312
38, 313
40, 314
37, 315
40, 316
46, 317
45, 318
42, 319
38, 320
32, 321
33, 322
44, 323
41, 324
35, 325
42, 326
40, 327
43, 328
30, 329
28, 330
29, 331
37, 332
35, 333
31, 334
40, 335
44, 336
42, 337
45, 338
38, 339
25, 340
28, 341
36, 342
40, 343
39, 344
30, 345
25, 346
33, 347
45, 348
41, 349
29, 350
28, 351
31, 352
29, 353
28, 354
31, 355
31, 356
32, 357
34, 358
41, 359
41, 360
38, 361
29, 362
31, 363
30, 364
38, 365
39, 366
48, 367
41, 368
40, 369
39, 370
34, 371
39, 372
38, 373
44, 374
42, 375
52, 376
49, 377
50, 378
40, 379
41, 380
42, 381
42, 382
33, 383
30, 384
41, 385
56, 386
49, 387
44, 388
41, 389
40, 390
35, 391
29, 392
35, 393
34, 394
40, 395
35, 396
38, 397
34, 398
43, 399
44, 400
45, 401
42, 402
45, 403
42, 404
41, 405
48, 406
40, 407
44, 408
44, 409
45, 410
48, 411
49, 412
47, 413
42, 414
38, 415
36, 416
48, 417
48, 418
50, 419
37, 420
46, 421
43, 422
41, 423
35, 424
31, 425
32, 426
41, 427
49, 428
43, 429
36, 430
46, 431
42, 432
44, 433
43, 434
39, 435
34, 436
36, 437
47, 438
48, 439
48, 440
41, 441
40, 442
40, 443
32, 444
35, 445
34, 446
33, 447
32, 448
34, 449
46, 450
58, 451
46, 452
39, 453
44, 454
51, 455
43, 456
38, 457
47, 458
41, 459
37, 460
34, 461
31, 462
38, 463
41, 464
43, 465
33, 466
35, 467
40, 468
46, 469
47, 470
46, 471
44, 472
29, 473
24, 474
34, 475
40, 476
41, 477
44, 478
44, 479
50, 480
43, 481
47, 482
51, 483
39, 484
42, 485
46, 486
46, 487
49, 488
50, 489
41, 490
40, 491
34, 492
31, 493
30, 494
32, 495
26, 496
46, 497
45, 498
41, 499
39, 500
33, 501
30, 502
37, 503
43, 504
38, 505
40, 506
39, 507
44, 508
33, 509
37, 510
28, 511
31, 512
33, 513
37, 514
44, 515
48, 516
43, 517
49, 518
44, 519
43, 520
50, 521
55, 522
41, 523
46, 524
51, 525
44, 526
38, 527
38, 528
36, 529
26, 530
21, 531
27, 532
32, 533
43, 534
45, 535
44, 536
38, 537
40, 538
38, 539
37, 540
35, 541
46, 542
50, 543
51, 544
55, 545
60, 546
58, 547
39, 548
35, 549
40, 550
34, 551
28, 552
41, 553
43, 554
40, 555
36, 556
33, 557
33, 558
32, 559
36, 560
35, 561
37, 562
38, 563
38, 564
30, 565
37, 566
32, 567
30, 568
29, 569
33, 570
30, 571
32, 572
36, 573
41, 574
40, 575
38, 576
39, 577
39, 578
35, 579
41, 580
48, 581
52, 582
44, 583
32, 584
28, 585
32, 586
41, 587
53, 588
65, 589
58, 590
41, 591
36, 592
40, 593
41, 594
44, 595
43, 596
40, 597
43, 598
41, 599
49, 600
48, 601
46, 602
41, 603
40, 604
52, 605
55, 606
45, 607
29, 608
32, 609
31, 610
32, 611
36, 612
34, 613
34, 614
32, 615
29, 616
39, 617
50, 618
46, 619
48, 620
44, 621
42, 622
48, 623
47, 624
45, 625
41, 626
47, 627
45, 628
44, 629
43, 630
37, 631
37, 632
39, 633
37, 634
28, 635
34, 636
39, 637
36, 638
51, 639
49, 640
47, 641
39, 642
35, 643
26, 644
29, 645
39, 646
48, 647
44, 648
41, 649
34, 650
43, 651
47, 652
42, 653
45, 654
42, 655
37, 656
35, 657
37, 658
49, 659
57, 660
48, 661
40, 662
31, 663
30, 664
35, 665
43, 666
42, 667
46, 668
45, 669
41, 670
39, 671
43, 672
43, 673
48, 674
51, 675
50, 676
38, 677
42, 678
43, 679
49, 680
46, 681
41, 682
33, 683
35, 684
41, 685
37, 686
40, 687
41, 688
36, 689
31, 690
34, 691
37, 692
39, 693
32, 694
26, 695
25, 696
33, 697
32, 698
39, 699
43, 700
36, 701
29, 702
31, 703
36, 704
39, 705
40, 706
42, 707
40, 708
50, 709
52, 710
47, 711
44, 712
43, 713
48, 714
43, 715
52, 716
48, 717
43, 718
40, 719
42, 720
49, 721
45, 722
39, 723
35, 724
21, 725
26, 726
36, 727
32, 728
28, 729
32, 730
44, 731
55, 732
48, 733
39, 734
41, 735
43, 736
44, 737
34, 738
40, 739
42, 740
46, 741
45, 742
38, 743
34, 744
30, 745
35, 746
30, 747
36, 748
38, 749
42, 750
37, 751
38, 752
38, 753
37, 754
45, 755
45, 756
39, 757
37, 758
41, 759
40, 760
40, 761
37, 762
37, 763
40, 764
40, 765
34, 766
42, 767
36, 768
46, 769
49, 770
42, 771
35, 772
38, 773
38, 774
36, 775
43, 776
47, 777
39, 778
35, 779
35, 780
39, 781
54, 782
50, 783
45, 784
42, 785
41, 786
43, 787
44, 788
45, 789
45, 790
45, 791
41, 792
43, 793
40, 794
49, 795
51, 796
38, 797
30, 798
36, 799
40, 800
33, 801
39, 802
42, 803
39, 804
37, 805
36, 806
34, 807
38, 808
42, 809
36, 810
31, 811
42, 812
52, 813
53, 814
59, 815
45, 816
35, 817
37, 818
43, 819
41, 820
47, 821
39, 822
32, 823
32, 824
34, 825
38, 826
37, 827
44, 828
40, 829
36, 830
28, 831
26, 832
33, 833
51, 834
46, 835
44, 836
39, 837
40, 838
39, 839
36, 840
32, 841
34, 842
39, 843
46, 844
44, 845
36, 846
36, 847
40, 848
51, 849
59, 850
49, 851
35, 852
30, 853
33, 854
38, 855
38, 856
35, 857
35, 858
39, 859
47, 860
39, 861
33, 862
35, 863
33, 864
27, 865
27, 866
32, 867
35, 868
36, 869
40, 870
39, 871
40, 872
37, 873
41, 874
35, 875
38, 876
52, 877
43, 878
32, 879
29, 880
29, 881
37, 882
41, 883
37, 884
44, 885
44, 886
46, 887
41, 888
34, 889
30, 890
31, 891
29, 892
48, 893
56, 894
45, 895
39, 896
33, 897
41, 898
48, 899
46, 900
49, 901
54, 902
56, 903
41, 904
38, 905
41, 906
38, 907
34, 908
41, 909
46, 910
41, 911
38, 912
40, 913
42, 914
37, 915
41, 916
37, 917
36, 918
33, 919
31, 920
30, 921
38, 922
41, 923
57, 924
61, 925
53, 926
33, 927
35, 928
38, 929
32, 930
37, 931
37, 932
39, 933
41, 934
42, 935
34, 936
34, 937
36, 938
33, 939
34, 940
35, 941
31, 942
30, 943
40, 944
46, 945
49, 946
46, 947
34, 948
49, 949
37, 950
29, 951
35, 952
38, 953
35, 954
33, 955
36, 956
40, 957
46, 958
43, 959
44, 960
40, 961
43, 962
44, 963
44, 964
34, 965
41, 966
37, 967
41, 968
35, 969
39, 970
39, 971
30, 972
29, 973
29, 974
34, 975
41, 976
37, 977
39, 978
44, 979
38, 980
38, 981
31, 982
33, 983
33, 984
33, 985
33, 986
38, 987
46, 988
46, 989
44, 990
27, 991
31, 992
35, 993
36, 994
35, 995
40, 996
36, 997
34, 998
29, 999
27, 1000
